Conteo: 307
Media: 241.49511400651465
Mediana: 241.0
Moda: [393.0, 19.0, 368.0, 290.0, 56.0, 11.0, 76.0, 215.0, 64.0, 375.0, 466.0, 277.0, 211.0, 46.0, 278.0, 170.0, 166.0, 96.0, 268.0]
Varianza: 21229.172361669967
Desv. Estándar: 145.70234164786086

Time elapsed: 0.016609668731689453 seconds
