Conteo: 400
Media: 242.32
Mediana: 239.5
Moda: [393.0, 170.0]
Varianza: 21152.79959899749
Desv. Estándar: 145.44002062361477

Time elapsed: 0.015685081481933594 seconds
