Conteo: 12624
Media: 249.77621989860583
Mediana: 249.0
Moda: [94.0]
Varianza: 21118.950393821877
Desv. Estándar: 145.3236057694065

Time elapsed: 0.06247305870056152 seconds
