Conteo: 12624
Media: 149.00267347908746
Mediana: 147.75
Moda: [123.75]
Varianza: 17009.268218511454
Desv. Estándar: 130.41958525663028

Time elapsed: 0.062467336654663086 seconds
