Conteo: 1977
Media: 250.7840161861406
Mediana: 247.0
Moda: [230.0]
Varianza: 20795.888043983545
Desv. Estándar: 144.20779467138226

Time elapsed: 0.03127598762512207 seconds
